object Form2: TForm2
  Left = 0
  Top = 0
  Caption = 'Form2'
  ClientHeight = 827
  ClientWidth = 1211
  Color = clBtnFace
  Font.Charset = DEFAULT_CHARSET
  Font.Color = clWindowText
  Font.Height = -11
  Font.Name = 'Tahoma'
  Font.Style = []
  OldCreateOrder = False
  PixelsPerInch = 96
  TextHeight = 13
  object Panel4: TPanel
    Left = 0
    Top = 0
    Width = 1211
    Height = 827
    Align = alClient
    TabOrder = 0
    ExplicitLeft = 8
    ExplicitTop = -8
    object GroupBox2: TGroupBox
      Left = 25
      Top = 21
      Width = 1168
      Height = 428
      Caption = #54924#51032#49892' '#50696#50557' '#51221#48372' '#52968#53944#47204
      TabOrder = 0
      object Button8: TButton
        Left = 15
        Top = 19
        Width = 294
        Height = 32
        Caption = #51204#52404' '#51312#54924
        TabOrder = 0
      end
      object Button10: TButton
        Left = 38
        Top = 327
        Width = 95
        Height = 32
        Caption = #49688#51221
        TabOrder = 1
      end
      object Button11: TButton
        Left = 139
        Top = 327
        Width = 94
        Height = 32
        Caption = #49325#51228
        TabOrder = 2
      end
      object Button3: TButton
        Left = 203
        Top = 67
        Width = 106
        Height = 32
        Caption = #51312#54924
        TabOrder = 3
      end
      object DateTimePicker1: TDateTimePicker
        Left = 72
        Top = 67
        Width = 125
        Height = 32
        Date = 42397.473805914350000000
        Time = 42397.473805914350000000
        TabOrder = 4
      end
    end
  end
end
