object Form1: TForm1
  Left = 0
  Top = 0
  Caption = 'Form1'
  ClientHeight = 480
  ClientWidth = 640
  FormFactor.Width = 320
  FormFactor.Height = 480
  FormFactor.Devices = [Desktop]
  DesignerMasterStyle = 0
  object StringGrid1: TStringGrid
    CanFocus = True
    ClipChildren = True
    Position.X = 96.000000000000000000
    Position.Y = 128.000000000000000000
    Size.Width = 353.000000000000000000
    Size.Height = 225.000000000000000000
    Size.PlatformDefault = False
    TabOrder = 0
    Viewport.Width = 353.000000000000000000
    Viewport.Height = 225.000000000000000000
  end
end
